#define player_const
grv         = 0.21875;
top         = 6;
acc         = 0.046875;
dec         = 0.5;
frc         = 0.046875;
jmp         = 6.5;
air         = 0.09375;
W_NONE      = 9;
H_NONE      = 19;
W_CURL      = 7;
H_CURL      = 14;
W_PUSH      = 10;
slp         = 0.125;
slprollup   = 0.078125;
slprolldown = 0.3125;
fall        = 2.5;
rollfrc     = 0.0234375;
rolldec     = 0.125;

